17008,2559,3419,1096,0,0
17035,2487,3417,1098,0,0
17061,2534,3415,1100,0,0
17087,2652,3413,1102,0,0
17115,2736,3411,1104,0,0
17141,2827,3409,1106,0,0
17167,2852,3407,1108,0,0
17193,2854,3405,1110,0,0
17222,2870,3403,1112,0,0
17248,2838,3401,1114,0,0
17274,2781,3399,1116,0,0
17300,2800,3397,1118,0,0
17328,2814,3395,1120,0,0
17354,2800,3393,1122,0,0
17380,2803,3391,1124,0,0
17406,2819,3389,1126,0,0
17434,2807,3387,1128,0,0
17460,2817,3385,1130,0,0
17487,2815,3383,1132,0,0
17513,2827,3381,1134,0,0
17541,2832,3379,1136,0,0
17567,2864,3377,1138,0,0
17593,2871,3375,1140,0,0
17619,2855,3373,1142,0,0
17647,2880,3371,1144,0,0
17673,2866,3369,1146,0,0
17699,2849,3367,1148,0,0
17725,2854,3365,1150,0,0
17754,2844,3363,1152,0,0
17781,2849,3361,1154,0,0
17807,2839,3359,1156,0,0
17833,2839,3357,1158,0,0
17861,2859,3355,1160,0,0
17887,2864,3353,1162,0,0
17913,2845,3351,1164,0,0
17939,2827,3349,1166,0,0
17967,2852,3347,1168,0,0
17994,2840,3345,1170,0,0
18020,2835,3343,1172,0,0
18046,2843,3341,1174,0,0
18074,2810,3339,1176,0,0
18100,2839,3337,1178,0,0
18126,2834,3335,1180,0,0
18152,2821,3333,1182,0,0
18180,2829,3331,1184,0,0
18206,2826,3329,1186,0,0
18232,2842,3327,1188,0,0
18259,2818,3325,1190,0,0
18287,2885,3323,1192,0,0
18313,2861,3321,1194,0,0
18339,2835,3319,1196,0,0
18365,2855,3317,1198,0,0
18393,2838,3315,1200,0,0
18419,2838,3313,1202,0,0
18445,2848,3311,1204,0,0
18471,2822,3309,1206,0,0
18499,2850,3307,1208,0,0
18526,2843,3305,1210,0,0
18552,2827,3303,1212,0,0
18578,2832,3301,1214,0,0
18606,2849,3299,1216,0,0
18632,2826,3297,1218,0,0
18658,2815,3295,1220,0,0
18684,2834,3293,1222,0,0
18712,2821,3291,1224,0,0
18738,2833,3289,1226,0,0
18765,2896,3287,1228,0,0
18791,2907,3285,1230,0,0
18819,2939,3283,1232,0,0
18845,2947,3281,1234,0,0
18871,2959,3279,1236,0,0
18897,2928,3277,1238,0,0
18925,2942,3275,1240,0,0
18951,2925,3273,1242,0,0
18977,2956,3271,1244,0,0
19003,2935,3269,1246,0,0
19032,2896,3267,1248,0,0
19059,2866,3265,1250,0,0
19085,2861,3263,1252,0,0
19111,2827,3261,1254,0,0
19139,2836,3259,1256,0,0
19165,2849,3257,1258,0,0
19191,2864,3255,1260,0,0
19217,2857,3253,1262,0,0
19245,2895,3251,1264,0,0
19271,2893,3249,1266,0,0
19298,2884,3247,1268,0,0
19324,2880,3245,1270,0,0
19352,2865,3243,1272,0,0
19378,2871,3241,1274,0,0
19404,2878,3239,1276,0,0
19430,2859,3237,1278,0,0
19458,2896,3235,1280,0,0
19484,2880,3233,1282,0,0
19510,2869,3231,1284,0,0
19537,2847,3229,1286,0,0
19565,2889,3227,1288,0,0
19591,2873,3225,1290,0,0
19617,2882,3223,1292,0,0
19643,2866,3221,1294,0,0
19671,2883,3219,1296,0,0
19697,2875,3217,1298,0,0
19723,2884,3215,1300,0,0
19749,2880,3213,1302,0,0
19777,2868,3211,1304,0,0
19804,2875,3209,1306,0,0
19830,2879,3207,1308,0,0
19856,2860,3205,1310,0,0
19884,2886,3203,1312,0,0
19910,2891,3201,1314,0,0
19936,2889,3199,1316,0,0
19962,2903,3197,1318,0,0
19990,2909,3195,1320,0,0
20016,2913,3193,1322,0,0
20042,2926,3191,1324,0,0
20069,2930,3189,1326,0,0
20097,2933,3187,1328,0,0
20123,2928,3185,1330,0,0
20149,2933,3183,1332,0,0
20175,2943,3181,1334,0,0
20203,2955,3179,1336,0,0
20229,2940,3177,1338,0,0
20255,2938,3175,1340,0,0
20281,2928,3173,1342,0,0
20310,2929,3171,1344,0,0
20336,2942,3169,1346,0,0
20362,2928,3167,1348,0,0
20388,2911,3165,1350,0,0
20416,2911,3163,1352,0,0
20442,2918,3161,1354,0,0
20468,2927,3159,1356,0,0
20494,2894,3157,1358,0,0
20522,2942,3155,1360,0,0
20548,2934,3153,1362,0,0
20575,2918,3151,1364,0,0
20601,2928,3149,1366,0,0
20629,2926,3147,1368,0,0
20655,2909,3145,1370,0,0
20681,2918,3143,1372,0,0
20707,2918,3141,1374,0,0
20735,2925,3139,1376,0,0
20761,2919,3137,1378,0,0
20787,2895,3135,1380,0,0
20814,2915,3133,1382,0,0
20842,2930,3131,1384,0,0
20868,2917,3129,1386,0,0
20894,2901,3127,1388,0,0
20920,2919,3125,1390,0,0
20948,2918,3123,1392,0,0
20974,2911,3121,1394,0,0
21000,2907,3119,1396,0,0
21026,2942,3117,1398,0,0
21054,2937,3115,1400,0,0
21081,2962,3113,1402,0,0
21107,2942,3111,1404,0,0
21133,2917,3109,1406,0,0
21161,2934,3107,1408,0,0
21187,2906,3105,1410,0,0
21213,2913,3103,1412,0,0
21239,2901,3101,1414,0,0
21267,2930,3099,1416,0,0
21293,2911,3097,1418,0,0
21319,2929,3095,1420,0,0
21346,2921,3093,1422,0,0
21374,2926,3091,1424,0,0
21400,2943,3089,1426,0,0
21426,2929,3087,1428,0,0
21452,2921,3085,1430,0,0
21480,2928,3083,1432,0,0
21506,2927,3081,1434,0,0
21532,2895,3079,1436,0,0
21558,2921,3077,1438,0,0
21587,2954,3075,1440,0,0
21614,2914,3073,1442,0,0
21640,2942,3071,1444,0,0
21666,2928,3069,1446,0,0
21694,2928,3067,1448,0,0
21720,2942,3065,1450,0,0
21746,2935,3063,1452,0,0
21772,2928,3061,1454,0,0
21800,2945,3059,1456,0,0
21826,2935,3057,1458,0,0
21853,2945,3055,1460,0,0
21879,2935,3053,1462,0,0
21907,2934,3051,1464,0,0
21933,2944,3049,1466,0,0
21959,2940,3047,1468,0,0
21985,2947,3045,1470,0,0
22013,2946,3043,1472,0,0
22039,2956,3041,1474,0,0
22065,2944,3039,1476,0,0
22091,2926,3037,1478,0,0
22120,2935,3035,1480,0,0
22147,2928,3033,1482,0,0
22173,2935,3031,1484,0,0
22199,2930,3029,1486,0,0
22227,2944,3027,1488,0,0
22253,2937,3025,1490,0,0
22279,2934,3023,1492,0,0
22305,2960,3021,1494,0,0
22333,2944,3019,1496,0,0
22360,2958,3017,1498,0,0
22386,2942,3015,1500,0,0
22412,2916,3013,1502,0,0
22440,2938,3011,1504,0,0
22466,2931,3009,1506,0,0
22492,2931,3007,1508,0,0
22518,2913,3005,1510,0,0
22546,2940,3003,1512,0,0
22572,2939,3001,1514,0,0
22598,2940,2999,1516,0,0
22625,2931,2997,1518,0,0
22653,2925,2995,1520,0,0
22679,2937,2993,1522,0,0
22705,2921,2991,1524,0,0
22731,2913,2989,1526,0,0
22759,2934,2987,1528,0,0
22785,2933,2985,1530,0,0
22811,2934,2983,1532,0,0
22837,2939,2981,1534,0,0
22865,2962,2979,1536,0,0
22892,2979,2979,1538,0,0
22918,2971,2977,1540,0,0
22944,2937,2975,1542,0,0
22972,2955,2973,1544,0,0
22998,2960,2971,1546,0,0
23024,2943,2969,1548,0,0
23050,2943,2967,1550,0,0
23078,2935,2965,1552,0,0
23105,2945,2963,1554,0,0
23132,2941,2961,1556,0,0
23158,2940,2959,1558,0,0
23186,2949,2957,1560,0,0
23212,2935,2955,1562,0,0
23238,2930,2953,1564,0,0
23264,2937,2951,1566,0,0
23292,2929,2949,1568,0,0
23318,2942,2947,1570,0,0
23344,2956,2956,1572,0,0
23370,2926,2954,1574,0,0
23399,2947,2952,1576,0,0
23426,2922,2950,1578,0,0
23452,2928,2948,1580,0,0
23478,2928,2946,1582,0,0
23506,2953,2953,1584,0,0
23532,2927,2951,1586,0,0
23558,2942,2949,1588,0,0
23584,2931,2947,1590,0,0
23612,2930,2945,1592,0,0
23638,2933,2943,1594,0,0
23665,2954,2954,1596,0,0
23691,2927,2952,1598,0,0
23719,2935,2950,1600,0,0
23745,2942,2948,1602,0,0
23771,2942,2946,1604,0,0
23797,2956,2956,1606,0,0
23825,2970,2970,1608,0,0
23851,2959,2968,1610,0,0
23877,2954,2966,1612,0,0
23904,2975,2975,1614,0,0
23932,2944,2973,1616,0,0
23958,2944,2971,1618,0,0
23984,2944,2969,1620,0,0
24010,2926,2967,1622,0,0
24038,2937,2965,1624,0,0
24064,2933,2963,1626,0,0
24090,2921,2961,1628,0,0
24116,2914,2959,1630,0,0
24144,2941,2957,1632,0,0
24171,2935,2955,1634,0,0
24197,2913,2953,1636,0,0
24223,2928,2951,1638,0,0
24251,2910,2949,1640,0,0
24277,2918,2947,1642,0,0
24303,2944,2945,1644,0,0
24329,2923,2943,1646,0,0
24357,2933,2941,1648,0,0
24383,2948,2948,1650,0,0
24409,2944,2946,1652,0,0
24436,2919,2944,1654,0,0
24464,2956,2956,1656,0,0
24490,2953,2954,1658,0,0
24516,2917,2952,1660,0,0
24542,2937,2950,1662,0,0
24570,2928,2948,1664,0,0
24596,2946,2946,1666,0,0
24622,2938,2944,1668,0,0
24648,2928,2942,1670,0,0
24677,2959,2959,1672,0,0
24704,2959,2959,1674,0,0
24730,2926,2957,1676,0,0
24756,2931,2955,1678,0,0
24784,2944,2953,1680,0,0
24811,2965,2965,1682,0,0
24837,2939,2963,1684,0,0
24863,2952,2961,1686,0,0
24891,2949,2959,1688,0,0
24917,2928,2957,1690,0,0
24944,2940,2955,1692,0,0
24970,2935,2953,1694,0,0
24998,2925,2951,1696,0,0
25024,2931,2949,1698,0,0
25050,2917,2947,1700,0,0
25076,2912,2945,1702,0,0
25104,2955,2955,1704,0,0
25130,2960,2960,1706,0,0
25156,2941,2958,1708,0,0
25182,2947,2956,1710,0,0
25211,2944,2954,1712,0,0
25238,2937,2952,1714,0,0
25264,2944,2950,1716,0,0
25290,2935,2948,1718,0,0
25318,2950,2950,1720,0,0
25344,2981,2981,1722,0,0
25370,2911,2979,1724,0,0
25396,2939,2977,1726,0,0
25424,2961,2975,1728,0,0
25451,2958,2973,1730,0,0
25477,2960,2971,1732,0,0
25503,2922,2969,1734,0,0
25531,2958,2967,1736,0,0
25557,2956,2965,1738,0,0
25583,2983,2983,1740,0,0
25609,2966,2981,1742,0,0
25637,2961,2979,1744,0,0
25663,2984,2984,1746,0,0
25689,2957,2982,1748,0,0
25716,2978,2980,1750,0,0
25744,2992,2992,1752,0,0
25770,2974,2990,1754,0,0
25796,2972,2988,1756,0,0
25822,2985,2986,1758,0,0
25850,2977,2984,1760,0,0
25876,2959,2982,1762,0,0
25902,2971,2980,1764,0,0
25928,2966,2978,1766,0,0
25956,2971,2976,1768,0,0
25983,2979,2979,1770,0,0
26009,2960,2977,1772,0,0
26035,2951,2975,1774,0,0
26063,2981,2981,1776,0,0
26089,2967,2979,1778,0,0
26115,2947,2977,1780,0,0
26141,2972,2975,1782,0,0
26169,2990,2990,1784,0,0
26195,2962,2988,1786,0,0
26222,2972,2986,1788,0,0
26248,2959,2984,1790,0,0
26276,2966,2982,1792,0,0
26302,2988,2988,1794,0,0
26328,2970,2986,1796,0,0
26354,2970,2984,1798,0,0
26382,2990,2990,1800,0,0
26408,2974,2988,1802,0,0
26434,2964,2986,1804,0,0
26460,2960,2984,1806,0,0
26489,2961,2982,1808,0,0
26516,2992,2992,1810,0,0
26542,2982,2990,1812,0,0
26568,2992,2992,1814,0,0
26596,2990,2990,1816,0,0
26622,3012,3012,1818,0,0
26648,2983,3010,1820,0,0
26674,2987,3008,1822,0,0
26702,2994,3006,1824,0,0
26728,2994,3004,1826,0,0
26755,2975,3002,1828,0,0
26781,2973,3000,1830,0,0
26809,2963,2998,1832,0,0
26835,2982,2996,1834,0,0
26861,2987,2994,1836,0,0
26887,2971,2992,1838,0,0
26915,2974,2990,1840,0,0
26941,2985,2988,1842,0,0
26967,2994,2994,1844,0,0
26994,3006,3006,1846,0,0
27022,2998,3004,1848,0,0
27048,2990,3002,1850,0,0
27074,2975,3000,1852,0,0
27100,2974,2998,1854,0,0
27128,2992,2996,1856,0,0
27155,2965,2994,1858,0,0
27181,2985,2992,1860,0,0
27207,3008,3008,1862,0,0
27235,2983,3006,1864,0,0
27262,2999,3004,1866,0,0
27288,2975,3002,1868,0,0
27314,2974,3000,1870,0,0
27342,2987,2998,1872,0,0
27368,2987,2996,1874,0,0
27394,2967,2994,1876,0,0
27420,2985,2992,1878,0,0
27448,3002,3002,1880,0,0
27475,3002,3002,1882,0,0
27502,3013,3013,1884,0,0
27528,3009,3011,1886,0,0
27556,3010,3010,1888,0,0
27582,3007,3008,1890,0,0
27608,3010,3010,1892,0,0
27634,3010,3010,1894,0,0
27662,3024,3024,1896,0,0
27688,2987,3022,1898,0,0
27714,3004,3020,1900,0,0
27740,2994,3018,1902,0,0
27769,2999,3016,1904,0,0
27796,3002,3014,1906,0,0
27822,2987,3012,1908,0,0
27848,2995,3010,1910,0,0
27876,3007,3008,1912,0,0
27902,3008,3008,1914,0,0
27928,2992,3006,1916,0,0
27954,2981,3004,1918,0,0
27982,3014,3014,1920,0,0
28008,3014,3014,1922,0,0
28035,3005,3012,1924,0,0
28061,3015,3015,1926,0,0
28089,3007,3013,1928,0,0
28115,2998,3011,1930,0,0
28141,3014,3014,1932,0,0
28167,3006,3012,1934,0,0
28195,3003,3010,1936,0,0
28221,3011,3011,1938,0,0
28247,3005,3009,1940,0,0
28274,2993,3007,1942,0,0
28302,3005,3005,1944,0,0
28328,3007,3007,1946,0,0
28354,3001,3005,1948,0,0
28380,3001,3003,1950,0,0
28408,3027,3027,1952,0,0
28434,3007,3025,1954,0,0
28460,3024,3024,1956,0,0
28486,2981,3022,1958,0,0
28514,3028,3028,1960,0,0
28541,3040,3040,1962,0,0
28568,3023,3038,1964,0,0
28594,3007,3036,1966,0,0
28622,3025,3034,1968,0,0
28648,3013,3032,1970,0,0
28674,2989,3030,1972,0,0
28700,2992,3028,1974,0,0
28728,2999,3026,1976,0,0
28754,3006,3024,1978,0,0
28780,2992,3022,1980,0,0
28807,3014,3020,1982,0,0
28835,3015,3018,1984,0,0
28861,3020,3020,1986,0,0
28887,3015,3018,1988,0,0
28913,2997,3016,1990,0,0
28941,3035,3035,1992,0,0
28967,3007,3033,1994,0,0
28994,2993,3031,1996,0,0
29020,3006,3029,1998,0,0
29049,3015,3027,2000,0,0
29076,3020,3025,2002,0,0
29102,3023,3023,2004,0,0
29128,3008,3021,2006,0,0
29156,3030,3030,2008,0,0
29183,3005,3028,2010,0,0
29209,3014,3026,2012,0,0
29235,2981,3024,2014,0,0
29263,3028,3028,2016,0,0
29290,3008,3026,2018,0,0
29317,3017,3024,2020,0,0
29344,3019,3022,2022,0,0
29372,3023,3023,2024,0,0
29398,2991,3021,2026,0,0
29424,3018,3019,2028,0,0
29450,3015,3017,2030,0,0
29478,3035,3035,2032,0,0
29505,3036,3036,2034,0,0
29531,3024,3034,2036,0,0
29557,3039,3039,2038,0,0
29586,3061,3061,2040,0,0
29613,3046,3059,2042,0,0
29639,3023,3057,2044,0,0
29665,3014,3055,2046,0,0
29693,3022,3053,2048,0,0
29720,3008,3051,2050,0,0
29746,3007,3049,2052,0,0
29772,3018,3047,2054,0,0
29800,3031,3045,2056,0,0
29827,3021,3043,2058,0,0
29854,3011,3041,2060,0,0
29880,3013,3039,2062,0,0
29908,3029,3037,2064,0,0
29934,2992,3035,2066,0,0
29960,3006,3033,2068,0,0
29986,3022,3031,2070,0,0
30014,3024,3029,2072,0,0
30040,2993,3027,2074,0,0
30066,3002,3025,2076,0,0
30093,3008,3023,2078,0,0
30121,3040,3040,2080,0,0
30148,3026,3038,2082,0,0
30174,3003,3036,2084,0,0
30200,3030,3034,2086,0,0
30228,3018,3032,2088,0,0
30254,3030,3030,2090,0,0
30280,3011,3028,2092,0,0
30306,3014,3026,2094,0,0
30334,3022,3024,2096,0,0
30361,3008,3022,2098,0,0
30387,3005,3020,2100,0,0
30413,2999,3018,2102,0,0
30441,3015,3016,2104,0,0
30467,3027,3027,2106,0,0
30493,2993,3025,2108,0,0
30520,3033,3033,2110,0,0
30548,3051,3051,2112,0,0
30574,3009,3049,2114,0,0
30601,3056,3056,2116,0,0
30628,2993,3054,2118,0,0
30656,3017,3052,2120,0,0
30682,3024,3050,2122,0,0
30709,3012,3048,2124,0,0
30735,3019,3046,2126,0,0
30763,3031,3044,2128,0,0
30789,3006,3042,2130,0,0
30815,3029,3040,2132,0,0
30841,3049,3049,2134,0,0
30870,3063,3063,2136,0,0
30897,3059,3061,2138,0,0
30923,3081,3081,2140,0,0
30949,3091,3091,2142,0,0
30977,3082,3089,2144,0,0
31004,3086,3087,2146,0,0
31030,3057,3085,2148,0,0
31056,3060,3083,2150,0,0
31084,3063,3081,2152,0,0
31110,3055,3079,2154,0,0
31137,3095,3095,2156,0,0
31164,3056,3093,2158,0,0